"STATION","DATE","LATITUDE","LONGITUDE","ELEVATION","NAME","CDSD","CDSD_ATTRIBUTES","CLDD","CLDD_ATTRIBUTES","DP01","DP01_ATTRIBUTES","DP10","DP10_ATTRIBUTES","DP1X","DP1X_ATTRIBUTES","DT00","DT00_ATTRIBUTES","DT32","DT32_ATTRIBUTES","DX32","DX32_ATTRIBUTES","DX70","DX70_ATTRIBUTES","DX90","DX90_ATTRIBUTES","DYNT","DYNT_ATTRIBUTES","DYXP","DYXP_ATTRIBUTES","DYXT","DYXT_ATTRIBUTES","EMNT","EMNT_ATTRIBUTES","EMXP","EMXP_ATTRIBUTES","EMXT","EMXT_ATTRIBUTES","HDSD","HDSD_ATTRIBUTES","HTDD","HTDD_ATTRIBUTES","PRCP","PRCP_ATTRIBUTES","TAVG","TAVG_ATTRIBUTES","TMAX","TMAX_ATTRIBUTES","TMIN","TMIN_ATTRIBUTES"
"USW00053183","2011-10","36.8552","-112.453","1568.8","FREDONIA 7 SSE, AZ US","","","0.8","1,R","4",",R","1",",R","0",",R","0","1,R","4","1,R","0","1,R","20","1,R","0","1,R","20111027",",1,R","20111006",",,R","20111015",",1,R","-4.5","1,R,27,","10.7",",,R,06,","29.3","1,R,15,","","","167.4","1,R","14.4",",,,R","12.78","1,R","21.41","1,,,R","4.16","1,,,R"
"USW00053183","2011-11","36.8552","-112.453","1568.8","FREDONIA 7 SSE, AZ US","","","0.0",",R","2",",R","2",",R","0",",R","0",",R","22",",R","0",",R","0",",R","0",",R","20111103",",,R","20111106",",,R","20111101",",,R","-7.7",",R,03,","6.5",",,R,06,","19.5",",R,01,","","","394.2",",R","9.3",",,,R","5.19",",R","12.37",",,,R","-1.99",",,,R"
"USW00053183","2011-12","36.8552","-112.453","1568.8","FREDONIA 7 SSE, AZ US","","","0.0",",R","3",",R","2",",R","0",",R","0",",R","30",",R","0",",R","0",",R","0",",R","20111206",",,R","20111203",",,R","20111230",",,R","-14.4",",R,06,","2.6",",,R,03,","17.2",",R,30,","","","555.2",",R","5.4",",,,R","0.42",",R","7.56",",,,R","-6.71",",,,R"
"USW00053183","2012-01","36.8552","-112.453","1568.8","FREDONIA 7 SSE, AZ US","0.0","R","0.0",",R","2",",R","1",",R","0",",R","0",",R","31",",R","0",",R","0",",R","0",",R","20120117",",,R","20120123",",,R","20120104",",,R","-11.4",",R,17,","8.6",",,R,23,","16.2",",R,04,","","","489.3",",R","9.5",",,,R","2.55",",R","10.80",",,,R","-5.70",",,,R"
"USW00053183","2012-02","36.8552","-112.453","1568.8","FREDONIA 7 SSE, AZ US","0.0","R","0.0",",R","5",",R","4",",R","0",",R","0",",R","27",",R","0",",R","0",",R","0",",R","20120229",",,R","20120213",",,R","20120211","+,,R","-9.2",",R,29,","7.7",",,R,13,","16.1",",R,11,+","","","457.7",",R","18.0",",,,R","2.55",",R","9.71",",,,R","-4.61",",,,R"
"USW00053183","2012-03","36.8552","-112.453","1568.8","FREDONIA 7 SSE, AZ US","0.0","R","0.0",",R","5",",R","1",",R","0",",R","0",",R","17",",R","0",",R","3",",R","0",",R","20120302",",,R","20120318",",,R","20120331",",,R","-12.3",",R,02,","15.5",",,R,18,","24.6",",R,31,","","","337.3",",R","18.4",",,,R","7.45",",R","16.06",",,,R","-1.16",",,,R"
"USW00053183","2012-04","36.8552","-112.453","1568.8","FREDONIA 7 SSE, AZ US","2.9","R","2.9",",R","2",",R","1",",R","0",",R","0",",R","8",",R","0",",R","14",",R","0",",R","20120407",",,R","20120414",",,R","20120422",",,R","-5.2",",R,07,","8.0",",,R,14,","30.0",",R,22,","","","192.8",",R","8.3",",,,R","12.00",",R","20.45",",,,R","3.56",",,,R"
"USW00053183","2012-05","36.8552","-112.453","1568.8","FREDONIA 7 SSE, AZ US","25.2","R","22.3",",R","0",",R","0",",R","0",",R","0",",R","0",",R","0",",R","28",",R","3",",R","20120507",",,R","20120531","+,,R","20120522",",,R","0.9",",R,07,","0.0",",,R,31,+","32.8",",R,22,","","","60.3",",R","0.0",",,,R","17.11",",R","26.87",",,,R","7.34",",,,R"
"USW00053183","2012-06","36.8552","-112.453","1568.8","FREDONIA 7 SSE, AZ US","168.7","R","143.5",",R","0",",R","0",",R","0",",R","0",",R","0",",R","0",",R","30",",R","23",",R","20120610",",,R","20120630","+,,R","20120621",",,R","3.5",",R,10,","0.0",",,R,30,+","37.3",",R,21,","","","5.1",",R","0.0",",,,R","22.94",",R","33.25",",,,R","12.63",",,,R"
"USW00053183","2012-07","36.8552","-112.453","1568.8","FREDONIA 7 SSE, AZ US","337.6","R","168.9","1,R","8","1,R","4","1,R","0","1,R","0","1,R","0","1,R","0","1,R","30","1,R","15","1,R","20120731","+,1,R","20120714",",1,R","20120711","+,1,R","12.7","1,R,31,+","7.3","1,,R,14,","37.7","1,R,11,+","0.0","R","0.0","1,R","23.8","1,,,R","23.96","1,R","31.81","1,,,R","16.12","1,,,R"
"USW00053183","2012-08","36.8552","-112.453","1568.8","FREDONIA 7 SSE, AZ US","520.4","R","182.8",",R","9",",R","2",",R","0",",R","0",",R","0",",R","0",",R","31",",R","19",",R","20120824",",,R","20120830",",,R","20120811",",,R","13.7",",R,24,","6.8",",,R,30,","36.6",",R,11,","0.0","R","0.0",",R","17.8",",,,R","24.23",",R","32.45",",,,R","16.01",",,,R"
"USW00053183","2012-09","36.8552","-112.453","1568.8","FREDONIA 7 SSE, AZ US","576.3","R","55.9",",R","3",",R","1",",R","0",",R","0",",R","0",",R","0",",R","29",",R","0",",R","20120926",",,R","20120911",",,R","20120905",",,R","6.4",",R,26,","22.1",",,R,11,","31.8",",R,05,","9.8","R","9.8",",R","24.4",",,,R","19.87",",R","28.31",",,,R","11.43",",,,R"
"USW00053183","2012-10","36.8552","-112.453","1568.8","FREDONIA 7 SSE, AZ US","581.3","R","5.0",",R","2",",R","1",",R","0",",R","0",",R","3",",R","0",",R","22",",R","0",",R","20121025",",,R","20121012",",,R","20121003",",,R","-3.1",",R,25,","9.6",",,R,12,","30.4",",R,03,","157.9","R","148.1",",R","10.3",",,,R","13.72",",R","22.30",",,,R","5.14",",,,R"
"USW00053183","2012-11","36.8552","-112.453","1568.8","FREDONIA 7 SSE, AZ US","581.3","R","0.0",",R","1",",R","1",",R","0",",R","0",",R","14",",R","0",",R","4",",R","0",",R","20121112",",,R","20121109",",,R","20121107","+,,R","-9.9",",R,12,","4.0",",,R,09,","23.3",",R,07,+","468.4","R","310.5",",R","4.0",",,,R","7.98",",R","16.59",",,,R","-0.62",",,,R"
"USW00053183","2012-12","36.8552","-112.453","1568.8","FREDONIA 7 SSE, AZ US","581.3","R","0.0",",R","7",",R","2",",R","0",",R","0",",R","26",",R","2",",R","0",",R","0",",R","20121220",",,R","20121218",",,R","20121205",",,R","-15.4",",R,20,","5.6",",,R,18,","15.9",",R,05,","1021.5","R","553.1",",R","16.3",",,,R","0.49",",R","6.50",",,,R","-5.52",",,,R"
"USW00053183","2013-01","36.8552","-112.453","1568.8","FREDONIA 7 SSE, AZ US","0.0","R","0.0",",R","5",",R","2",",R","0",",R","3",",R","27",",R","5",",R","0",",R","0",",R","20130115",",,R","20130126",",,R","20130122",",,R","-20.0",",R,15,","14.3",",,R,26,","13.1",",R,22,","1639.5","R","618.0",",R","22.3",",,,R","-1.60",",R","5.46",",,,R","-8.66",",,,R"
"USW00053183","2013-02","36.8552","-112.453","1568.8","FREDONIA 7 SSE, AZ US","0.0","R","0.0",",R","4",",R","1",",R","0",",R","0",",R","28",",R","0",",R","0",",R","0",",R","20130225","+,,R","20130209",",,R","20130216",",,R","-11.9",",R,25,+","3.8",",,R,09,","15.5",",R,16,","2112.4","R","472.9",",R","4.7",",,,R","1.44",",R","9.08",",,,R","-6.19",",,,R"
"USW00053183","2013-03","36.8552","-112.453","1568.8","FREDONIA 7 SSE, AZ US","0.0","R","0.0",",R","2",",R","2",",R","0",",R","0",",R","15",",R","0",",R","6",",R","0",",R","20130323",",,R","20130308",",,R","20130315",",,R","-7.7",",R,23,","10.0",",,R,08,","24.1",",R,15,","2412.9","R","300.5",",R","14.6",",,,R","8.64",",R","17.21",",,,R","0.07",",,,R"
"USW00053183","2013-04","36.8552","-112.453","1568.8","FREDONIA 7 SSE, AZ US","1.6","R","1.6",",R","1",",R","1",",R","0",",R","0",",R","7",",R","0",",R","14",",R","0",",R","20130418",",,R","20130408",",,R","20130429",",,R","-7.7",",R,18,","8.1",",,R,08,","29.3",",R,29,","2634.3","R","221.4",",R","8.1",",,,R","11.01",",R","19.76",",,,R","2.26",",,,R"
"USW00053183","2013-05","36.8552","-112.453","1568.8","FREDONIA 7 SSE, AZ US","17.4","R","15.8",",R","2",",R","1",",R","0",",R","0",",R","2",",R","0",",R","26",",R","0",",R","20130503",",,R","20130507",",,R","20130514",",,R","-2.1",",R,03,","3.1",",,R,07,","31.7",",R,14,","2723.3","R","89.0",",R","4.2",",,,R","15.97",",R","25.11",",,,R","6.84",",,,R"
"USW00053183","2013-06","36.8552","-112.453","1568.8","FREDONIA 7 SSE, AZ US","183.1","R","165.7",",R","0",",R","0",",R","0",",R","0",",R","0",",R","0",",R","30",",R","21",",R","20130601",",,R","20130630","+,,R","20130630",",,R","6.2",",R,01,","0.0",",,R,30,+","39.7",",R,30,","2723.7","R","0.4",",R","0.0",",,,R","23.84",",R","33.70",",,,R","13.98",",,,R"
"USW00053183","2013-07","36.8552","-112.453","1568.8","FREDONIA 7 SSE, AZ US","390.9","R","207.8",",R","5",",R","3",",R","0",",R","0",",R","0",",R","0",",R","31",",R","21",",R","20130729",",,R","20130711",",,R","20130701",",,R","12.1",",R,29,","21.7",",,R,11,","38.8",",R,01,","0.0","R","0.0",",R","35.2",",,,R","25.04",",R","33.25",",,,R","16.83",",,,R"
"USW00053183","2013-08","36.8552","-112.453","1568.8","FREDONIA 7 SSE, AZ US","540.1","R","149.2",",R","6",",R","4",",R","0",",R","0",",R","0",",R","0",",R","31",",R","15",",R","20130808",",,R","20130826",",,R","20130816",",,R","11.9",",R,08,","8.8",",,R,26,","34.7",",R,16,","0.0","R","0.0",",R","26.4",",,,R","23.15",",R","30.76",",,,R","15.53",",,,R"
"USW00053183","2013-09","36.8552","-112.453","1568.8","FREDONIA 7 SSE, AZ US","591.7","R","51.6",",R","7",",R","4",",R","0",",R","0",",R","1",",R","0",",R","25",",R","1",",R","20130928",",,R","20130910",",,R","20130905",",,R","-1.9",",R,28,","10.9",",,R,10,","32.8",",R,05,","42.1","R","42.1",",R","25.3",",,,R","18.65",",R","25.97",",,,R","11.33",",,,R"
"USW00053183","2013-10","36.8552","-112.453","1568.8","FREDONIA 7 SSE, AZ US","591.7","R","0.0",",R","5",",R","3",",R","0",",R","0",",R","7",",R","0",",R","12",",R","0",",R","20131005",",,R","20131010",",,R","20131001",",,R","-2.2",",R,05,","16.8",",,R,10,","25.3",",R,01,","288.7","R","246.6",",R","28.0",",,,R","10.38",",R","18.43",",,,R","2.33",",,,R"
"USW00053183","2013-11","36.8552","-112.453","1568.8","FREDONIA 7 SSE, AZ US","591.7","R","0.0",",R","4",",R","1",",R","0",",R","0",",R","20",",R","0",",R","1",",R","0",",R","20131106",",,R","20131121",",,R","20131111",",,R","-6.3",",R,06,","15.9",",,R,21,","21.5",",R,11,","656.6","R","367.9",",R","18.2",",,,R","6.07",",R","13.15",",,,R","-1.01",",,,R"
"USW00053183","2013-12","36.8552","-112.453","1568.8","FREDONIA 7 SSE, AZ US","591.7","R","0.0",",R","2",",R","2",",R","0",",R","4",",R","31",",R","5",",R","0",",R","0",",R","20131209",",,R","20131204",",,R","20131202",",,R","-21.2",",R,09,","3.3",",,R,04,","15.5",",R,02,","1251.1","R","594.5",",R","6.3",",,,R","-0.84",",R","6.70",",,,R","-8.38",",,,R"
"USW00053183","2014-01","36.8552","-112.453","1568.8","FREDONIA 7 SSE, AZ US","0.0","","0.0",",R","1",",R","1",",R","0",",R","0",",R","30",",R","0",",R","0",",R","0",",R","20140105",",,R","20140131",",,R","20140120",",,R","-10.8",",R,05,","2.7",",,R,31,","16.6",",R,20,","1706.1","","455.0",",R","2.7",",,,R","3.66",",R","12.25",",,,R","-4.94",",,,R"
"USW00053183","2014-02","36.8552","-112.453","1568.8","FREDONIA 7 SSE, AZ US","0.0","","0.0",",R","5",",R","1",",R","0",",R","0",",R","21",",R","0",",R","0",",R","0",",R","20140202",",,R","20140228",",,R","20140213",",,R","-10.7",",R,02,","12.4",",,R,28,","20.1",",R,13,","2069.6","","363.5",",R","15.8",",,,R","5.35",",R","13.07",",,,R","-2.37",",,,R"
"USW00053183","2014-03","36.8552","-112.453","1568.8","FREDONIA 7 SSE, AZ US","0.0","","0.0",",R","2",",R","1",",R","0",",R","0",",R","18",",R","0",",R","1",",R","0",",R","20140319",",,R","20140301",",,R","20140325",",,R","-7.8",",R,19,","4.1",",,R,01,","21.6",",R,25,","2403.1","","333.5",",R","4.5",",,,R","7.57",",R","15.87",",,,R","-0.72",",,,R"
"USW00053183","2014-04","36.8552","-112.453","1568.8","FREDONIA 7 SSE, AZ US","0.0","","0.0",",R","2",",R","2",",R","0",",R","0",",R","9",",R","0",",R","14",",R","0",",R","20140406",",,R","20140426",",,R","20140421",",,R","-3.3",",R,06,","5.0",",,R,26,","26.7",",R,21,","2622.0","","218.9",",R","9.7",",,,R","11.04",",R","19.55",",,,R","2.52",",,,R"
"USW00053183","2014-05","36.8552","-112.453","1568.8","FREDONIA 7 SSE, AZ US","36.4","","36.4",",R","3",",R","0",",R","0",",R","0",",R","3",",R","0",",R","24",",R","2",",R","20140513","+,,R","20140511",",,R","20140527",",,R","-0.9",",R,13,+","1.8",",,R,11,","33.6",",R,27,","2729.1","","107.1",",R","3.4",",,,R","16.05",",R","24.92",",,,R","7.18",",,,R"
