"STATION","DATE","LATITUDE","LONGITUDE","ELEVATION","NAME","CDSD","CDSD_ATTRIBUTES","CLDD","CLDD_ATTRIBUTES","DP01","DP01_ATTRIBUTES","DP10","DP10_ATTRIBUTES","DP1X","DP1X_ATTRIBUTES","DT00","DT00_ATTRIBUTES","DT32","DT32_ATTRIBUTES","DX32","DX32_ATTRIBUTES","DX70","DX70_ATTRIBUTES","DX90","DX90_ATTRIBUTES","DYNT","DYNT_ATTRIBUTES","DYXP","DYXP_ATTRIBUTES","DYXT","DYXT_ATTRIBUTES","EMNT","EMNT_ATTRIBUTES","EMXP","EMXP_ATTRIBUTES","EMXT","EMXT_ATTRIBUTES","HDSD","HDSD_ATTRIBUTES","HTDD","HTDD_ATTRIBUTES","PRCP","PRCP_ATTRIBUTES","TAVG","TAVG_ATTRIBUTES","TMAX","TMAX_ATTRIBUTES","TMIN","TMIN_ATTRIBUTES"
"USW00053180","2011-10","35.2572","-113.934","1043.9","KINGMAN 8 NE, AZ US","","","30.0",",R","4",",R","3",",R","0",",R","0",",R","0",",R","0",",R","24",",R","0",",R","20111027",",,R","20111004",",,R","20111014",",,R","2.2",",R,27,","7.4",",,R,04,","32.0",",R,14,","","","68.0",",R","17.8",",,,R","17.11",",R","25.55",",,,R","8.66",",,,R"
"USW00053180","2011-11","35.2572","-113.934","1043.9","KINGMAN 8 NE, AZ US","","","0.0",",R","3",",R","2",",R","0",",R","0",",R","2",",R","0",",R","2",",R","0",",R","20111108",",,R","20111104",",,R","20111101",",,R","-0.3",",R,08,","18.8",",,R,04,","24.6",",R,01,","","","275.3",",R","25.4",",,,R","9.16",",R","16.25",",,,R","2.06",",,,R"
"USW00053180","2011-12","35.2572","-113.934","1043.9","KINGMAN 8 NE, AZ US","","","0.0",",R","5",",R","5",",R","0",",R","0",",R","22",",R","0",",R","0",",R","0",",R","20111206",",,R","20111201",",,R","20111230",",,R","-5.7",",R,06,","9.4",",,R,01,","20.3",",R,30,","","","432.7",",R","29.5",",,,R","4.38",",R","10.36",",,,R","-1.61",",,,R"
"USW00053180","2012-01","35.2572","-113.934","1043.9","KINGMAN 8 NE, AZ US","0.0","R","0.0",",R","2",",R","1",",R","0",",R","0",",R","19",",R","0",",R","0",",R","0",",R","20120117","+,,R","20120123",",,R","20120126",",,R","-5.0",",R,17,+","2.7",",,R,23,","20.9",",R,26,","","","353.2",",R","3.0",",,,R","6.94",",R","15.16",",,,R","-1.28",",,,R"
"USW00053180","2012-02","35.2572","-113.934","1043.9","KINGMAN 8 NE, AZ US","0.0","R","0.0",",R","4",",R","3",",R","0",",R","0",",R","14",",R","0",",R","1",",R","0",",R","20120220",",,R","20120215",",,R","20120210",",,R","-3.9",",R,20,","5.4",",,R,15,","21.4",",R,10,","","","315.0",",R","15.3",",,,R","7.47",",R","15.02",",,,R","-0.08",",,,R"
"USW00053180","2012-03","35.2572","-113.934","1043.9","KINGMAN 8 NE, AZ US","0.0","R","0.0",",R","3",",R","2",",R","0",",R","0",",R","8",",R","0",",R","14",",R","0",",R","20120303",",,R","20120317",",,R","20120331",",,R","-4.0",",R,03,","22.3",",,R,17,","26.0",",R,31,","","","229.7",",R","27.4",",,,R","10.92",",R","18.92",",,,R","2.92",",,,R"
"USW00053180","2012-04","35.2572","-113.934","1043.9","KINGMAN 8 NE, AZ US","22.1","R","22.1",",R","4",",R","2",",R","0",",R","0",",R","1",",R","0",",R","20",",R","3",",R","20120406",",,R","20120413",",,R","20120422",",,R","-1.5",",R,06,","13.9",",,R,13,","33.7",",R,22,","","","108.9",",R","21.8",",,,R","15.44",",R","23.91",",,,R","6.96",",,,R"
"USW00053180","2012-05","35.2572","-113.934","1043.9","KINGMAN 8 NE, AZ US","126.4","R","104.3",",R","0",",R","0",",R","0",",R","0",",R","0",",R","0",",R","30",",R","12",",R","20120527",",,R","20120531","+,,R","20120531",",,R","5.0",",R,27,","0.0",",,R,31,+","36.6",",R,31,","","","12.7",",R","0.0",",,,R","21.29",",R","30.18",",,,R","12.40",",,,R"
"USW00053180","2012-06","35.2572","-113.934","1043.9","KINGMAN 8 NE, AZ US","366.3","R","239.9",",R","0",",R","0",",R","0",",R","0",",R","0",",R","0",",R","30",",R","27",",R","20120606",",,R","20120630","+,,R","20120620","+,,R","9.5",",R,06,","0.0",",,R,30,+","38.5",",R,20,+","","","0.0",",R","0.0",",,,R","26.33",",R","35.19",",,,R","17.47",",,,R"
"USW00053180","2012-07","35.2572","-113.934","1043.9","KINGMAN 8 NE, AZ US","653.4","R","287.1",",R","6",",R","4",",R","0",",R","0",",R","0",",R","0",",R","31",",R","25",",R","20120718",",,R","20120713",",,R","20120710",",,R","15.8",",R,18,","20.7",",,R,13,","41.4",",R,10,","0.0","R","0.0",",R","48.3",",,,R","27.59",",R","34.34",",,,R","20.85",",,,R"
"USW00053180","2012-08","35.2572","-113.934","1043.9","KINGMAN 8 NE, AZ US","948.9","R","295.5",",R","5",",R","3",",R","0",",R","0",",R","0",",R","0",",R","31",",R","26",",R","20120823",",,R","20120822",",,R","20120808",",,R","16.7",",R,23,","20.9",",,R,22,","40.3",",R,08,","0.0","R","0.0",",R","38.2",",,,R","27.87",",R","35.04",",,,R","20.69",",,,R"
"USW00053180","2012-09","35.2572","-113.934","1043.9","KINGMAN 8 NE, AZ US","1140.9","R","192.0",",R","3",",R","1",",R","0",",R","0",",R","0",",R","0",",R","30",",R","21",",R","20120926",",,R","20120909",",,R","20120908",",,R","12.3",",R,26,","3.2",",,R,09,","35.4",",R,08,","0.0","R","0.0",",R","5.2",",,,R","24.73",",R","32.75",",,,R","16.72",",,,R"
"USW00053180","2012-10","35.2572","-113.934","1043.9","KINGMAN 8 NE, AZ US","1183.8","R","42.9",",R","2",",R","1",",R","0",",R","0",",R","0",",R","0",",R","27",",R","3",",R","20121027",",,R","20121011",",,R","20121002",",,R","2.5",",R,27,","7.2",",,R,11,","34.7",",R,02,","55.9","R","55.9",",R","9.1",",,,R","17.91",",R","26.57",",,,R","9.26",",,,R"
"USW00053180","2012-11","35.2572","-113.934","1043.9","KINGMAN 8 NE, AZ US","1183.8","R","0.0",",R","0",",R","0",",R","0",",R","0",",R","5",",R","0",",R","15",",R","0",",R","20121111",",,R","20121130","+,,R","20121106",",,R","-6.1",",R,11,","0.0",",,R,30,+","27.5",",R,06,","250.4","R","194.5",",R","0.0",",,,R","11.85",",R","20.52",",,,R","3.17",",,,R"
"USW00053180","2012-12","35.2572","-113.934","1043.9","KINGMAN 8 NE, AZ US","1183.8","R","0.0",",R","5",",R","3",",R","0",",R","0",",R","17",",R","0",",R","1",",R","0",",R","20121220",",,R","20121214",",,R","20121205",",,R","-5.7",",R,20,","5.4",",,R,14,","22.4",",R,05,","637.9","R","387.5",",R","15.0",",,,R","5.83",",R","12.13",",,,R","-0.46",",,,R"
"USW00053180","2013-01","35.2572","-113.934","1043.9","KINGMAN 8 NE, AZ US","0.0","R","0.0",",R","4",",R","2",",R","0",",R","0",",R","26",",R","1",",R","0",",R","0",",R","20130115","+,,R","20130126",",,R","20130123",",,R","-11.9",",R,15,+","12.8",",,R,26,","19.8",",R,23,","1093.4","R","455.5",",R","18.3",",,,R","3.64",",R","10.87",",,,R","-3.60",",,,R"
"USW00053180","2013-02","35.2572","-113.934","1043.9","KINGMAN 8 NE, AZ US","0.0","R","0.0",",R","2",",R","1",",R","0",",R","0",",R","20",",R","0",",R","0",",R","0",",R","20130222",",,R","20130208",",,R","20130216","+,,R","-6.1",",R,22,","4.8",",,R,08,","19.8",",R,16,+","1438.9","R","345.5",",R","5.7",",,,R","5.99",",R","13.30",",,,R","-1.31",",,,R"
"USW00053180","2013-03","35.2572","-113.934","1043.9","KINGMAN 8 NE, AZ US","1.2","R","1.2",",R","1",",R","1",",R","0",",R","0",",R","3",",R","0",",R","19",",R","0",",R","20130324",",,R","20130308",",,R","20130314",",,R","-2.2",",R,24,","3.1",",,R,08,","29.1",",R,14,","1596.8","R","157.9",",R","3.1",",,,R","13.28",",R","21.64",",,,R","4.92",",,,R"
"USW00053180","2013-04","35.2572","-113.934","1043.9","KINGMAN 8 NE, AZ US","16.2","R","15.0","1,R","1",",R","0",",R","0",",R","0","1,R","0","1,R","0","1,R","22","1,R","2","1,R","20130418",",1,R","20130408",",,R","20130429",",1,R","0.4","1,R,18,","1.8",",,R,08,","33.8","1,R,29,","1695.2","R","98.4","1,R","1.8",",,,R","15.46","1,R","24.04","1,,,R","6.87","1,,,R"
"USW00053180","2013-05","35.2572","-113.934","1043.9","KINGMAN 8 NE, AZ US","103.3","R","87.1",",R","0",",R","0",",R","0",",R","0",",R","0",",R","0",",R","30",",R","4",",R","20130502",",,R","20130531","+,,R","20130514","+,,R","6.1",",R,02,","0.0",",,R,31,+","34.5",",R,14,+","1709.6","R","14.4",",R","0.0",",,,R","20.68",",R","28.83",",,,R","12.53",",,,R"
"USW00053180","2013-06","35.2572","-113.934","1043.9","KINGMAN 8 NE, AZ US","363.7","R","260.4",",R","1",",R","0",",R","0",",R","0",",R","0",",R","0",",R","30",",R","29",",R","20130621",",,R","20130628",",,R","20130629",",,R","14.2",",R,21,","0.8",",,R,28,","43.3",",R,29,","1709.6","R","0.0",",R","0.8",",,,R","27.01",",R","36.19",",,,R","17.84",",,,R"
"USW00053180","2013-07","35.2572","-113.934","1043.9","KINGMAN 8 NE, AZ US","694.5","R","330.8",",R","6",",R","2",",R","1",",R","0",",R","0",",R","0",",R","31",",R","26",",R","20130729",",,R","20130727",",,R","20130703",",,R","18.1",",R,29,","27.7",",,R,27,","39.6",",R,03,","0.0","R","0.0",",R","37.2",",,,R","29.00",",R","35.52",",,,R","22.49",",,,R"
"USW00053180","2013-08","35.2572","-113.934","1043.9","KINGMAN 8 NE, AZ US","965.1","R","270.6",",R","10",",R","4",",R","0",",R","0",",R","0",",R","0",",R","31",",R","25",",R","20130814",",,R","20130829",",,R","20130816",",,R","15.4",",R,14,","11.0",",,R,29,","38.7",",R,16,","0.0","R","0.0",",R","35.1",",,,R","27.06",",R","34.04",",,,R","20.08",",,,R"
"USW00053180","2013-09","35.2572","-113.934","1043.9","KINGMAN 8 NE, AZ US","1074.7","R","109.6",",R","8",",R","5",",R","0",",R","0",",R","0",",R","0",",R","29",",R","6",",R","20130929",",,R","20130901",",,R","20130917",",,R","4.4",",R,29,","19.0",",,R,01,","33.6",",R,17,","17.5","R","17.5",",R","43.4",",,,R","21.40",",R","28.83",",,,R","13.97",",,,R"
"USW00053180","2013-10","35.2572","-113.934","1043.9","KINGMAN 8 NE, AZ US","1076.8","R","2.1",",R","3",",R","0",",R","0",",R","0",",R","1",",R","0",",R","19",",R","0",",R","20131031",",,R","20131010",",,R","20131001",",,R","-0.5",",R,31,","2.1",",,R,10,","28.9",",R,01,","149.8","R","132.3",",R","3.4",",,,R","14.13",",R","22.92",",,,R","5.35",",,,R"
"USW00053180","2013-11","35.2572","-113.934","1043.9","KINGMAN 8 NE, AZ US","1076.8","R","0.0",",R","3",",R","2",",R","0",",R","0",",R","3",",R","0",",R","9",",R","0",",R","20131106",",,R","20131123",",,R","20131113",",,R","-2.3",",R,06,","11.8",",,R,23,","25.1",",R,13,","385.2","R","235.4",",R","16.8",",,,R","10.49",",R","18.10",",,,R","2.88",",,,R"
"USW00053180","2013-12","35.2572","-113.934","1043.9","KINGMAN 8 NE, AZ US","1076.8","R","0.0",",R","1",",R","0",",R","0",",R","0",",R","25",",R","0",",R","0",",R","0",",R","20131206",",,R","20131204",",,R","20131202",",,R","-10.5",",R,06,","0.7",",,R,04,","19.0",",R,02,","811.7","R","426.5",",R","0.7",",,,R","4.57",",R","12.17",",,,R","-3.03",",,,R"
"USW00053180","2014-01","35.2572","-113.934","1043.9","KINGMAN 8 NE, AZ US","0.0","","0.0",",R","0",",R","0",",R","0",",R","0",",R","21",",R","0",",R","0",",R","0",",R","20140108",",,R","20140131","+,,R","20140129",",,R","-4.2",",R,08,","0.0",",,R,31,+","21.0",",R,29,","1135.8","","324.1",",R","0.0",",,,R","7.88",",R","16.62",",,,R","-0.86",",,,R"
"USW00053180","2014-02","35.2572","-113.934","1043.9","KINGMAN 8 NE, AZ US","0.0","","0.0",",R","2",",R","2",",R","0",",R","0",",R","7",",R","0",",R","11",",R","0",",R","20140202",",,R","20140228",",,R","20140214",",,R","-6.5",",R,02,","6.4",",,R,28,","25.0",",R,14,","1364.3","","228.5",",R","11.9",",,,R","10.17",",R","18.24",",,,R","2.11",",,,R"
"USW00053180","2014-03","35.2572","-113.934","1043.9","KINGMAN 8 NE, AZ US","0.0","","0.0",",R","1",",R","1",",R","0",",R","0",",R","2",",R","0",",R","13",",R","0",",R","20140319",",,R","20140301",",,R","20140325",",,R","-1.2",",R,19,","2.7",",,R,01,","25.3",",R,25,","1550.1","","185.8",",R","2.7",",,,R","12.34",",R","20.15",",,,R","4.53",",,,R"
"USW00053180","2014-04","35.2572","-113.934","1043.9","KINGMAN 8 NE, AZ US","13.0","","13.0",",R","3",",R","1",",R","0",",R","0",",R","1",",R","0",",R","22",",R","0",",R","20140403",",,R","20140426",",,R","20140421",",,R","-2.8",",R,03,","6.3",",,R,26,","30.4",",R,21,","1650.1","","100.0",",R","7.3",",,,R","15.43",",R","23.69",",,,R","7.18",",,,R"
"USW00053180","2014-05","35.2572","-113.934","1043.9","KINGMAN 8 NE, AZ US","109.6","","96.6",",R","0",",R","0",",R","0",",R","0",",R","0",",R","0",",R","28",",R","9",",R","20140512",",,R","20140531","+,,R","20140527",",,R","4.9",",R,12,","0.0",",,R,31,+","35.7",",R,27,","1677.9","","27.8",",R","0.0",",,,R","20.55",",R","28.45",",,,R","12.65",",,,R"
