"STATION","DATE","LATITUDE","LONGITUDE","ELEVATION","NAME","CDSD","CDSD_ATTRIBUTES","CLDD","CLDD_ATTRIBUTES","DP01","DP01_ATTRIBUTES","DP10","DP10_ATTRIBUTES","DP1X","DP1X_ATTRIBUTES","DT00","DT00_ATTRIBUTES","DT32","DT32_ATTRIBUTES","DX32","DX32_ATTRIBUTES","DX70","DX70_ATTRIBUTES","DX90","DX90_ATTRIBUTES","DYNT","DYNT_ATTRIBUTES","DYXP","DYXP_ATTRIBUTES","DYXT","DYXT_ATTRIBUTES","EMNT","EMNT_ATTRIBUTES","EMXP","EMXP_ATTRIBUTES","EMXT","EMXT_ATTRIBUTES","HDSD","HDSD_ATTRIBUTES","HTDD","HTDD_ATTRIBUTES","PRCP","PRCP_ATTRIBUTES","TAVG","TAVG_ATTRIBUTES","TMAX","TMAX_ATTRIBUTES","TMIN","TMIN_ATTRIBUTES"
"USW00053176","2010-10","32.9649","-112.6697","237.7","GILA BEND 3 ENE, AZ US","","","173.2",",R","2",",R","1",",R","0",",R","0",",R","0",",R","0",",R","31",",R","12",",R","20101027",",,R","20101005",",,R","20101001",",,R","9.5",",R,27,","4.2",",,R,05,","39.0",",R,01,","","","0.0",",R","5.3",",,,R","23.92",",R","31.18",",,,R","16.65",",,,R"
"USW00053176","2010-11","32.9649","-112.6697","237.7","GILA BEND 3 ENE, AZ US","","","30.4",",R","0",",R","0",",R","0",",R","0",",R","2",",R","0",",R","21",",R","2",",R","20101130",",,R","20101130","+,,R","20101103",",,R","-2.1",",R,30,","0.0",",,R,30,+","34.1",",R,03,","","","113.2",",R","0.0",",,,R","15.57",",R","23.60",",,,R","7.55",",,,R"
"USW00053176","2010-12","32.9649","-112.6697","237.7","GILA BEND 3 ENE, AZ US","","","0.2",",R","3",",R","2",",R","0",",R","0",",R","1",",R","0",",R","19",",R","0",",R","20101231",",,R","20101229",",,R","20101213","+,,R","-1.8",",R,31,","7.5",",,R,29,","27.2",",R,13,+","","","142.3",",R","12.1",",,,R","13.75",",R","21.03",",,,R","6.47",",,,R"
"USW00053176","2011-01","32.9649","-112.6697","237.7","GILA BEND 3 ENE, AZ US","0.0","R","0.0",",R","0",",R","0",",R","0",",R","0",",R","3",",R","0",",R","15",",R","0",",R","20110101",",,R","20110131","+,,R","20110119","+,,R","-2.4",",R,01,","0.0",",,R,31,+","24.3",",R,19,+","","","206.4",",R","0.0",",,,R","11.68",",R","19.49",",,,R","3.86",",,,R"
"USW00053176","2011-02","32.9649","-112.6697","237.7","GILA BEND 3 ENE, AZ US","0.0","R","0.0",",R","3",",R","3",",R","0",",R","0",",R","2",",R","0",",R","10",",R","0",",R","20110204",",,R","20110219",",,R","20110213",",,R","-5.0",",R,04,","8.1",",,R,19,","26.5",",R,13,","","","187.7",",R","20.2",",,,R","11.63",",R","19.14",",,,R","4.12",",,,R"
"USW00053176","2011-03","32.9649","-112.6697","237.7","GILA BEND 3 ENE, AZ US","37.2","R","37.2",",R","1",",R","1",",R","0",",R","0",",R","0",",R","0",",R","30",",R","2",",R","20110301",",,R","20110321",",,R","20110331",",,R","4.1",",R,01,","8.4",",,R,21,","34.0",",R,31,","","","35.4",",R","8.4",",,,R","18.39",",R","26.59",",,,R","10.19",",,,R"
"USW00053176","2011-04","32.9649","-112.6697","237.7","GILA BEND 3 ENE, AZ US","166.4","R","129.2",",R","2",",R","1",",R","0",",R","0",",R","0",",R","0",",R","27",",R","9",",R","20110410",",,R","20110409",",,R","20110401",",,R","5.6",",R,10,","4.4",",,R,09,","37.5",",R,01,","","","16.7",",R","5.2",",,,R","22.08",",R","30.05",",,,R","14.11",",,,R"
"USW00053176","2011-05","32.9649","-112.6697","237.7","GILA BEND 3 ENE, AZ US","346.3","R","179.9",",R","0",",R","0",",R","0",",R","0",",R","0",",R","0",",R","31",",R","17",",R","20110519",",,R","20110531","+,,R","20110528",",,R","10.7",",R,19,","0.0",",,R,31,+","39.4",",R,28,","","","0.0",",R","0.0",",,,R","24.14",",R","32.61",",,,R","15.66",",,,R"
"USW00053176","2011-06","32.9649","-112.6697","237.7","GILA BEND 3 ENE, AZ US","717.2","R","370.9",",R","0",",R","0",",R","0",",R","0",",R","0",",R","0",",R","30",",R","30",",R","20110603",",,R","20110630","+,,R","20110627",",,R","14.1",",R,03,","0.0",",,R,30,+","45.5",",R,27,","","","0.0",",R","0.0",",,,R","30.70",",R","40.04",",,,R","21.35",",,,R"
"USW00053176","2011-07","32.9649","-112.6697","237.7","GILA BEND 3 ENE, AZ US","1197.1","R","479.9",",R","7",",R","3",",R","0",",R","0",",R","0",",R","0",",R","31",",R","31",",R","20110714",",,R","20110724",",,R","20110702",",,R","20.6",",R,14,","7.6",",,R,24,","47.6",",R,02,","0.0","R","0.0",",R","18.9",",,,R","33.81",",R","41.15",",,,R","26.47",",,,R"
"USW00053176","2011-08","32.9649","-112.6697","237.7","GILA BEND 3 ENE, AZ US","1733.2","R","536.1",",R","1",",R","0",",R","0",",R","0",",R","0",",R","0",",R","31",",R","31",",R","20110820",",,R","20110827",",,R","20110824",",,R","25.7",",R,20,","1.3",",,R,27,","45.3",",R,24,","0.0","R","0.0",",R","1.3",",,,R","35.63",",R","42.47",",,,R","28.78",",,,R"
"USW00053176","2011-09","32.9649","-112.6697","237.7","GILA BEND 3 ENE, AZ US","2121.2","R","388.0",",R","2",",R","0",",R","0",",R","0",",R","0",",R","0",",R","30",",R","30",",R","20110926",",,R","20110911",",,R","20110901",",,R","18.1",",R,26,","1.9",",,R,11,","43.2",",R,01,","0.0","R","0.0",",R","2.6",",,,R","31.27",",R","39.23",",,,R","23.30",",,,R"
"USW00053176","2011-10","32.9649","-112.6697","237.7","GILA BEND 3 ENE, AZ US","2314.1","R","192.9",",R","1",",R","1",",R","0",",R","0",",R","0",",R","0",",R","31",",R","20",",R","20111008",",,R","20111004",",,R","20111015","+,,R","9.1",",R,08,","2.8",",,R,04,","37.9",",R,15,+","1.6","R","1.6",",R","2.8",",,,R","24.50",",R","32.97",",,,R","16.04",",,,R"
"USW00053176","2011-11","32.9649","-112.6697","237.7","GILA BEND 3 ENE, AZ US","2319.2","R","5.1",",R","4",",R","3",",R","0",",R","0",",R","0",",R","0",",R","22",",R","0",",R","20111108",",,R","20111113",",,R","20111101",",,R","4.2",",R,08,","16.2",",,R,13,","31.8",",R,01,","75.9","R","74.3",",R","34.9",",,,R","16.03",",R","22.60",",,,R","9.45",",,,R"
"USW00053176","2011-12","32.9649","-112.6697","237.7","GILA BEND 3 ENE, AZ US","2319.2","R","0.0",",R","2",",R","2",",R","0",",R","0",",R","2",",R","0",",R","3",",R","0",",R","20111208",",,R","20111213",",,R","20111231",",,R","-0.3",",R,08,","7.3",",,R,13,","23.5",",R,31,","324.7","R","248.8",",R","11.8",",,,R","10.31",",R","16.67",",,,R","3.94",",,,R"
"USW00053176","2012-01","32.9649","-112.6697","237.7","GILA BEND 3 ENE, AZ US","1.9","R","1.9","1,R","0",",R","0",",R","0",",R","0","1,R","0","1,R","0","1,R","16","1,R","0","1,R","20120113",",1,R","20120131","+,,R","20120101",",1,R","1.2","1,R,13,","0.0",",,R,31,+","26.4","1,R,01,","468.1","R","143.4","1,R","0.0",",,,R","13.62","1,R","21.55","1,,,R","5.69","1,,,R"
"USW00053176","2012-02","32.9649","-112.6697","237.7","GILA BEND 3 ENE, AZ US","1.9","R","0.0",",R","1",",R","0",",R","0",",R","0",",R","0",",R","0",",R","14",",R","0",",R","20120203",",,R","20120227",",,R","20120211",",,R","1.4",",R,03,","0.5",",,R,27,","27.9",",R,11,","597.1","R","129.0",",R","0.5",",,,R","13.89",",R","22.27",",,,R","5.50",",,,R"
"USW00053176","2012-03","32.9649","-112.6697","237.7","GILA BEND 3 ENE, AZ US","29.4","R","27.5",",R","1",",R","1",",R","0",",R","0",",R","0",",R","0",",R","26",",R","1",",R","20120303",",,R","20120318",",,R","20120331",",,R","1.7",",R,03,","14.3",",,R,18,","34.9",",R,31,","661.3","R","64.2",",R","14.3",",,,R","17.15",",R","25.92",",,,R","8.38",",,,R"
"USW00053176","2012-04","32.9649","-112.6697","237.7","GILA BEND 3 ENE, AZ US","155.0","R","125.6",",R","1",",R","0",",R","0",",R","0",",R","0",",R","0",",R","29",",R","15",",R","20120403",",,R","20120426",",,R","20120422",",,R","6.8",",R,03,","0.8",",,R,26,","40.2",",R,22,","671.7","R","10.4",",R","0.8",",,,R","22.17",",R","30.82",",,,R","13.53",",,,R"
"USW00053176","2012-05","32.9649","-112.6697","237.7","GILA BEND 3 ENE, AZ US","434.1","R","279.1",",R","1",",R","0",",R","0",",R","0",",R","0",",R","0",",R","31",",R","29",",R","20120527",",,R","20120509",",,R","20120522",",,R","12.9",",R,27,","0.6",",,R,09,","43.6",",R,22,","671.7","R","0.0",",R","0.6",",,,R","27.34",",R","36.78",",,,R","17.89",",,,R"
"USW00053176","2012-06","32.9649","-112.6697","237.7","GILA BEND 3 ENE, AZ US","851.2","R","417.1",",R","0",",R","0",",R","0",",R","0",",R","0",",R","0",",R","30",",R","30",",R","20120604",",,R","20120630","+,,R","20120618",",,R","18.7",",R,04,","0.0",",,R,30,+","44.7",",R,18,","671.7","R","0.0",",R","0.0",",,,R","32.24",",R","41.36",",,,R","23.11",",,,R"
"USW00053176","2012-07","32.9649","-112.6697","237.7","GILA BEND 3 ENE, AZ US","1313.5","R","462.3",",R","7",",R","6",",R","0",",R","0",",R","0",",R","0",",R","31",",R","30",",R","20120704",",,R","20120729",",,R","20120709",",,R","22.9",",R,04,","18.0",",,R,29,","44.9",",R,09,","0.0","R","0.0",",R","48.7",",,,R","33.25",",R","39.78",",,,R","26.71",",,,R"
"USW00053176","2012-08","32.9649","-112.6697","237.7","GILA BEND 3 ENE, AZ US","1803.4","R","489.9",",R","4",",R","2",",R","0",",R","0",",R","0",",R","0",",R","31",",R","31",",R","20120821",",,R","20120817",",,R","20120808",",,R","23.5",",R,21,","9.3",",,R,17,","45.5",",R,08,","0.0","R","0.0",",R","19.9",",,,R","34.14",",R","40.49",",,,R","27.78",",,,R"
"USW00053176","2012-09","32.9649","-112.6697","237.7","GILA BEND 3 ENE, AZ US","2173.2","R","369.8",",R","2",",R","1",",R","0",",R","0",",R","0",",R","0",",R","30",",R","28",",R","20120916",",,R","20120910",",,R","20120902",",,R","19.7",",R,16,","6.6",",,R,10,","41.4",",R,02,","0.0","R","0.0",",R","8.6",",,,R","30.66",",R","37.44",",,,R","23.87",",,,R"
"USW00053176","2012-10","32.9649","-112.6697","237.7","GILA BEND 3 ENE, AZ US","2361.0","R","187.8",",R","0",",R","0",",R","0",",R","0",",R","0",",R","0",",R","31",",R","18",",R","20121025",",,R","20121011",",,R","20121001",",,R","8.7",",R,25,","0.2",",,R,11,","39.8",",R,01,","0.0","R","0.0",",R","0.2",",,,R","24.39",",R","32.74",",,,R","16.05",",,,R"
"USW00053176","2012-11","32.9649","-112.6697","237.7","GILA BEND 3 ENE, AZ US","2400.7","R","39.7",",R","0",",R","0",",R","0",",R","0",",R","0",",R","0",",R","28",",R","3",",R","20121111",",,R","20121130","+,,R","20121106",",,R","1.8",",R,11,","0.0",",,R,30,+","33.5",",R,06,","35.2","R","35.2",",R","0.0",",,,R","18.48",",R","26.90",",,,R","10.06",",,,R"
"USW00053176","2012-12","32.9649","-112.6697","237.7","GILA BEND 3 ENE, AZ US","2401.1","R","0.4",",R","4",",R","3",",R","0",",R","0",",R","1",",R","0",",R","11",",R","0",",R","20121228",",,R","20121215",",,R","20121205",",,R","0.0",",R,28,","4.4",",,R,15,","27.4",",R,05,","221.3","R","186.1",",R","14.0",",,,R","12.34",",R","18.99",",,,R","5.69",",,,R"
"USW00053176","2013-01","32.9649","-112.6697","237.7","GILA BEND 3 ENE, AZ US","0.3","R","0.3",",R","4",",R","1",",R","0",",R","0",",R","8",",R","0",",R","9",",R","0",",R","20130115",",,R","20130126",",,R","20130123",",,R","-7.0",",R,15,","19.0",",,R,26,","27.2",",R,23,","463.2","R","241.9",",R","21.8",",,,R","10.54",",R","17.61",",,,R","3.47",",,,R"
"USW00053176","2013-02","32.9649","-112.6697","237.7","GILA BEND 3 ENE, AZ US","0.3","R","0.0",",R","1",",R","1",",R","0",",R","0",",R","2",",R","0",",R","12",",R","0",",R","20130212",",,R","20130220",",,R","20130216",",,R","-0.2",",R,12,","5.5",",,R,20,","26.3",",R,16,","628.0","R","164.8",",R","5.5",",,,R","12.45",",R","19.71",",,,R","5.19",",,,R"
"USW00053176","2013-03","32.9649","-112.6697","237.7","GILA BEND 3 ENE, AZ US","65.0","R","64.7",",R","1",",R","1",",R","0",",R","0",",R","0",",R","0",",R","29",",R","3",",R","20130301",",,R","20130308",",,R","20130314",",,R","5.2",",R,01,","5.2",",,R,08,","34.2",",R,14,","654.9","R","26.9",",R","5.2",",,,R","19.55",",R","28.10",",,,R","11.00",",,,R"
"USW00053176","2013-04","32.9649","-112.6697","237.7","GILA BEND 3 ENE, AZ US","187.5","R","122.5",",R","1",",R","0",",R","0",",R","0",",R","0",",R","0",",R","30",",R","13",",R","20130410",",,R","20130408",",,R","20130429",",,R","9.4",",R,10,","0.5",",,R,08,","39.5",",R,29,","658.0","R","3.1",",R","0.5",",,,R","22.32",",R","31.06",",,,R","13.57",",,,R"
"USW00053176","2013-05","32.9649","-112.6697","237.7","GILA BEND 3 ENE, AZ US","454.2","R","266.7",",R","0",",R","0",",R","0",",R","0",",R","0",",R","0",",R","31",",R","27",",R","20130508",",,R","20130531","+,,R","20130514",",,R","14.3",",R,08,","0.0",",,R,31,+","40.0",",R,14,","658.0","R","0.0",",R","0.0",",,,R","26.94",",R","35.31",",,,R","18.56",",,,R"
"USW00053176","2013-06","32.9649","-112.6697","237.7","GILA BEND 3 ENE, AZ US","884.7","R","430.5",",R","0",",R","0",",R","0",",R","0",",R","0",",R","0",",R","30",",R","30",",R","20130619","+,,R","20130630","+,,R","20130629",",,R","20.5",",R,19,+","0.0",",,R,30,+","46.6",",R,29,","658.0","R","0.0",",R","0.0",",,,R","32.68",",R","42.17",",,,R","23.20",",,,R"
"USW00053176","2013-07","32.9649","-112.6697","237.7","GILA BEND 3 ENE, AZ US","1388.6","R","503.9",",R","5",",R","3",",R","0",",R","0",",R","0",",R","0",",R","31",",R","30",",R","20130721",",,R","20130721",",,R","20130708","+,,R","22.7",",R,21,","21.2",",,R,21,","44.9",",R,08,+","0.0","R","0.0",",R","35.4",",,,R","34.59",",R","40.68",",,,R","28.49",",,,R"
"USW00053176","2013-08","32.9649","-112.6697","237.7","GILA BEND 3 ENE, AZ US","1850.7","R","462.1",",R","6",",R","3",",R","0",",R","0",",R","0",",R","0",",R","31",",R","30",",R","20130811",",,R","20130828",",,R","20130816",",,R","22.0",",R,11,","6.2",",,R,28,","44.4",",R,16,","0.0","R","0.0",",R","16.7",",,,R","33.24",",R","40.00",",,,R","26.48",",,,R"
"USW00053176","2013-09","32.9649","-112.6697","237.7","GILA BEND 3 ENE, AZ US","2197.1","R","346.4",",R","1",",R","0",",R","0",",R","0",",R","0",",R","0",",R","30",",R","27",",R","20130928",",,R","20130909",",,R","20130904",",,R","12.6",",R,28,","0.3",",,R,09,","43.7",",R,04,","0.0","R","0.0",",R","0.3",",,,R","29.88",",R","37.19",",,,R","22.56",",,,R"
"USW00053176","2013-10","32.9649","-112.6697","237.7","GILA BEND 3 ENE, AZ US","2300.3","R","103.2",",R","0",",R","0",",R","0",",R","0",",R","0",",R","0",",R","31",",R","9",",R","20131031",",,R","20131010",",,R","20131001",",,R","6.3",",R,31,","0.2",",,R,10,","36.0",",R,01,","8.3","R","8.3",",R","0.2",",,,R","21.39",",R","29.99",",,,R","12.79",",,,R"
"USW00053176","2013-11","32.9649","-112.6697","237.7","GILA BEND 3 ENE, AZ US","2330.5","R","30.2",",R","4",",R","3",",R","1",",R","0",",R","0",",R","0",",R","22",",R","1",",R","20131125",",,R","20131122",",,R","20131112",",,R","6.1",",R,25,","61.8",",,R,22,","33.4",",R,12,","58.4","R","50.1",",R","72.1",",,,R","17.67",",R","24.46",",,,R","10.88",",,,R"
"USW00053176","2013-12","32.9649","-112.6697","237.7","GILA BEND 3 ENE, AZ US","2330.5","R","0.0",",R","1",",R","1",",R","0",",R","0",",R","1",",R","0",",R","7",",R","0",",R","20131209",",,R","20131220",",,R","20131217",",,R","0.0",",R,09,","6.4",",,R,20,","25.6",",R,17,","262.5","R","204.1",",R","6.4",",,,R","11.75",",R","18.44",",,,R","5.05",",,,R"
"USW00053176","2014-01","32.9649","-112.6697","237.7","GILA BEND 3 ENE, AZ US","0.0","","0.0",",R","0",",R","0",",R","0",",R","0",",R","0",",R","0",",R","18",",R","0",",R","20140114",",,R","20140127",",,R","20140130",",,R","2.5",",R,14,","0.2",",,R,27,","26.3",",R,30,","404.5","","142.0",",R","0.2",",,,R","13.75",",R","21.76",",,,R","5.74",",,,R"
"USW00053176","2014-02","32.9649","-112.6697","237.7","GILA BEND 3 ENE, AZ US","9.6","","9.6",",R","0",",R","0",",R","0",",R","0",",R","0",",R","0",",R","21",",R","0",",R","20140202",",,R","20140228","+,,R","20140215",",,R","0.7",",R,02,","0.0",",,R,28,+","30.4",",R,15,","478.5","","74.0",",R","0.0",",,,R","16.03",",R","24.57",",,,R","7.49",",,,R"
"USW00053176","2014-03","32.9649","-112.6697","237.7","GILA BEND 3 ENE, AZ US","33.6","","24.0",",R","1",",R","1",",R","0",",R","0",",R","0",",R","0",",R","30",",R","0",",R","20140319",",,R","20140301",",,R","20140317",",,R","5.8",",R,19,","11.3",",,R,01,","31.8",",R,17,","490.0","","11.5",",R","11.3",",,,R","18.74",",R","27.14",",,,R","10.34",",,,R"
"USW00053176","2014-04","32.9649","-112.6697","237.7","GILA BEND 3 ENE, AZ US","146.2","","112.6",",R","0",",R","0",",R","0",",R","0",",R","0",",R","0",",R","29",",R","11",",R","20140403",",,R","20140430","+,,R","20140410",",,R","5.8",",R,03,","0.0",",,R,30,+","36.9",",R,10,","499.8","","9.8",",R","0.0",",,,R","21.76",",R","30.59",",,,R","12.93",",,,R"
"USW00053176","2014-05","32.9649","-112.6697","237.7","GILA BEND 3 ENE, AZ US","401.3","","255.1",",R","0",",R","0",",R","0",",R","0",",R","0",",R","0",",R","31",",R","22",",R","20140507",",,R","20140531","+,,R","20140531",",,R","11.4",",R,07,","0.0",",,R,31,+","42.5",",R,31,","499.8","","0.0",",R","0.0",",,,R","26.56",",R","35.29",",,,R","17.83",",,,R"
